           1 ,  0.000000000000000E+000
          11 ,  0.000000000000000E+000
          21 ,  0.000000000000000E+000
          31 ,  0.000000000000000E+000
          41 ,  0.000000000000000E+000
          51 ,  0.000000000000000E+000
          61 ,  0.000000000000000E+000
          71 ,  0.000000000000000E+000
          81 ,  0.000000000000000E+000
          91 ,  0.000000000000000E+000
         101 ,  0.000000000000000E+000
         111 ,  4.000000000000000E-003
         121 ,  0.000000000000000E+000
         131 ,  0.000000000000000E+000
         141 ,  4.000000000000000E-003
         151 ,  0.000000000000000E+000
         161 ,  4.000000000000000E-003
         171 ,  0.000000000000000E+000
         181 ,  4.000000000000000E-003
         191 ,  4.000000000000000E-003
         201 ,  4.000000000000000E-003
         211 ,  4.000000000000000E-003
         221 ,  4.000000000000000E-003
         231 ,  8.000000000000000E-003
         241 ,  8.000000000000000E-003
         251 ,  8.000000000000000E-003
         261 ,  8.000000000000000E-003
         271 ,  1.200000000000000E-002
         281 ,  8.000000000000007E-003
         291 ,  1.200000000000000E-002
         301 ,  1.600000000000000E-002
         311 ,  1.600000000000000E-002
         321 ,  1.599999999999999E-002
         331 ,  2.000000000000002E-002
         341 ,  1.599999999999999E-002
         351 ,  2.000000000000002E-002
         361 ,  2.399999999999999E-002
         371 ,  2.399999999999999E-002
         381 ,  2.400000000000002E-002
         391 ,  2.799999999999997E-002
         401 ,  2.800000000000002E-002
         411 ,  3.199999999999997E-002
         421 ,  3.200000000000003E-002
         431 ,  3.599999999999998E-002
         441 ,  3.600000000000003E-002
         451 ,  3.999999999999998E-002
         461 ,  4.400000000000004E-002
         471 ,  4.799999999999993E-002
         481 ,  4.800000000000004E-002
         491 ,  5.199999999999994E-002
         501 ,  5.600000000000005E-002
         511 ,  5.999999999999994E-002
         521 ,  6.000000000000005E-002
         531 ,  6.799999999999995E-002
         541 ,  7.200000000000006E-002
         551 ,  7.200000000000006E-002
         561 ,  7.599999999999985E-002
         571 ,  8.400000000000007E-002
         581 ,  8.400000000000007E-002
         591 ,  8.799999999999986E-002
         601 ,  9.600000000000009E-002
         611 ,  0.100000000000000     
         621 ,  0.104000000000000     
         631 ,  0.108000000000000     
         641 ,  0.116000000000000     
         651 ,  0.120000000000000     
         661 ,  0.128000000000000     
         671 ,  0.136000000000000     
         681 ,  0.152000000000000     
         691 ,  0.144000000000000     
         701 ,  0.152000000000000     
         711 ,  0.156000000000000     
         721 ,  0.160000000000000     
         731 ,  0.168000000000000     
         741 ,  0.176000000000000     
         751 ,  0.184000000000000     
         761 ,  0.188000000000000     
         771 ,  0.200000000000000     
         781 ,  0.208000000000000     
         791 ,  0.216000000000000     
         801 ,  0.220000000000000     
         811 ,  0.232000000000000     
         821 ,  0.239999999999999     
         831 ,  0.248000000000000     
         841 ,  0.255999999999999     
         851 ,  0.268000000000001     
         861 ,  0.276000000000000     
         871 ,  0.287999999999999     
         881 ,  0.296000000000000     
         891 ,  0.308000000000001     
         901 ,  0.319999999999999     
         911 ,  0.332000000000000     
         921 ,  0.336000000000000     
         931 ,  0.348000000000001     
         941 ,  0.359999999999999     
         951 ,  0.379999999999999     
         961 ,  0.380000000000001     
         971 ,  0.395999999999999     
         981 ,  0.408000000000001     
         991 ,  0.420000000000000     
        1001 ,  0.432000000000000     
