           1 ,  0.000000000000000E+000
          11 ,  0.000000000000000E+000
          21 ,  0.000000000000000E+000
          31 ,  0.000000000000000E+000
          41 ,  0.000000000000000E+000
          51 ,  0.000000000000000E+000
          61 ,  0.000000000000000E+000
          71 ,  0.000000000000000E+000
          81 ,  0.000000000000000E+000
          91 ,  0.000000000000000E+000
         101 ,  4.000000000000000E-003
         111 ,  0.000000000000000E+000
         121 ,  0.000000000000000E+000
         131 ,  0.000000000000000E+000
         141 ,  0.000000000000000E+000
         151 ,  4.000000000000000E-003
         161 ,  0.000000000000000E+000
         171 ,  4.000000000000000E-003
         181 ,  4.000000000000000E-003
         191 ,  8.000000000000000E-003
         201 ,  7.999999999999997E-003
         211 ,  8.000000000000000E-003
         221 ,  8.000000000000000E-003
         231 ,  8.000000000000000E-003
         241 ,  8.000000000000007E-003
         251 ,  8.000000000000007E-003
         261 ,  1.200000000000000E-002
         271 ,  1.600000000000000E-002
         281 ,  1.600000000000000E-002
         291 ,  1.999999999999999E-002
         301 ,  1.600000000000001E-002
         311 ,  2.399999999999999E-002
         321 ,  1.999999999999999E-002
         331 ,  2.800000000000002E-002
         341 ,  2.800000000000000E-002
         351 ,  2.799999999999997E-002
         361 ,  3.600000000000003E-002
         371 ,  3.599999999999998E-002
         381 ,  3.600000000000003E-002
         391 ,  4.399999999999998E-002
         401 ,  4.799999999999999E-002
         411 ,  4.800000000000004E-002
         421 ,  5.599999999999994E-002
         431 ,  5.600000000000005E-002
         441 ,  5.999999999999994E-002
         451 ,  6.400000000000006E-002
         461 ,  7.199999999999995E-002
         471 ,  7.600000000000007E-002
         481 ,  8.399999999999996E-002
         491 ,  9.200000000000008E-002
         501 ,  0.128000000000000     
         511 ,  0.140000000000000     
         521 ,  0.304000000000000     
         531 ,  0.524000000000000     
         541 ,  0.720000000000000     
         551 ,  0.924000000000000     
         561 ,  0.996000000000000     
         571 ,   1.10000000000000     
         581 ,   1.16000000000000     
         591 ,   1.45200000000000     
         601 ,   1.89600000000000     
         611 ,   1.72000000000000     
         621 ,   1.88000000000000     
         631 ,   2.21600000000000     
         641 ,   2.33600000000000     
         651 ,   2.01600000000000     
         661 ,   2.76800000000000     
         671 ,   2.55600000000000     
         681 ,   3.19200000000000     
         691 ,   3.34800000000000     
         701 ,   2.71600000000000     
         711 ,   3.66400000000000     
         721 ,   3.96000000000000     
         731 ,   4.90400000000000     
         741 ,   4.61200000000000     
         751 ,   4.58400000000000     
         761 ,   4.58800000000000     
         771 ,   4.78000000000001     
         781 ,   4.91600000000000     
         791 ,   5.03600000000000     
         801 ,   5.29600000000001     
         811 ,   5.57599999999999     
         821 ,   5.74400000000000     
         831 ,   5.92400000000001     
         841 ,   6.13200000000001     
         851 ,   6.26400000000000     
         861 ,   6.68400000000000     
         871 ,   6.96400000000000     
         881 ,   7.13600000000000     
         891 ,   7.45200000000000     
         901 ,   7.92800000000003     
         911 ,   7.92399999999998     
         921 ,   8.08800000000002     
         931 ,   8.43599999999998     
         941 ,   8.56000000000000     
         951 ,   8.81200000000001     
         961 ,   9.28399999999999     
         971 ,   9.52000000000001     
         981 ,   9.77199999999999     
         991 ,   10.0200000000000     
        1001 ,   10.5280000000000     
