           1 ,  0.000000000000000E+000
          11 ,  0.000000000000000E+000
          21 ,  0.000000000000000E+000
          31 ,  0.000000000000000E+000
          41 ,  0.000000000000000E+000
          51 ,  0.000000000000000E+000
          61 ,  0.000000000000000E+000
          71 ,  0.000000000000000E+000
          81 ,  0.000000000000000E+000
          91 ,  0.000000000000000E+000
         101 ,  4.000000000000000E-003
         111 ,  0.000000000000000E+000
         121 ,  0.000000000000000E+000
         131 ,  4.000000000000000E-003
         141 ,  4.000000000000000E-003
         151 ,  0.000000000000000E+000
         161 ,  4.000000000000000E-003
         171 ,  8.000000000000000E-003
         181 ,  4.000000000000000E-003
         191 ,  4.000000000000000E-003
         201 ,  8.000000000000000E-003
         211 ,  8.000000000000000E-003
         221 ,  1.200000000000000E-002
         231 ,  8.000000000000007E-003
         241 ,  1.600000000000000E-002
         251 ,  1.200000000000000E-002
         261 ,  1.600000000000000E-002
         271 ,  1.600000000000000E-002
         281 ,  1.999999999999999E-002
         291 ,  2.399999999999999E-002
         301 ,  2.400000000000002E-002
         311 ,  2.399999999999999E-002
         321 ,  3.200000000000000E-002
         331 ,  2.800000000000002E-002
         341 ,  3.599999999999998E-002
         351 ,  3.599999999999998E-002
         361 ,  4.000000000000004E-002
         371 ,  3.999999999999998E-002
         381 ,  4.799999999999999E-002
         391 ,  5.200000000000005E-002
         401 ,  5.599999999999994E-002
         411 ,  6.000000000000005E-002
         421 ,  7.199999999999995E-002
         431 ,  7.200000000000006E-002
         441 ,  7.199999999999995E-002
         451 ,  7.999999999999996E-002
         461 ,  8.400000000000007E-002
         471 ,  8.800000000000008E-002
         481 ,  9.599999999999986E-002
         491 ,  0.100000000000000     
         501 ,  0.108000000000000     
         511 ,  0.116000000000000     
         521 ,  0.120000000000000     
         531 ,  0.128000000000000     
         541 ,  0.136000000000000     
         551 ,  0.144000000000000     
         561 ,  0.160000000000000     
         571 ,  0.160000000000000     
         581 ,  0.168000000000000     
         591 ,  0.188000000000000     
         601 ,  0.216000000000000     
         611 ,  0.196000000000000     
         621 ,  0.212000000000000     
         631 ,  0.220000000000000     
         641 ,  0.236000000000000     
         651 ,  0.244000000000000     
         661 ,  0.248000000000000     
         671 ,  0.272000000000000     
         681 ,  0.272000000000000     
         691 ,  0.287999999999999     
         701 ,  0.300000000000001     
         711 ,  0.308000000000000     
         721 ,  0.316000000000001     
         731 ,  0.332000000000000     
         741 ,  0.343999999999999     
         751 ,  0.372000000000000     
         761 ,  0.404000000000001     
         771 ,  0.399999999999999     
         781 ,  0.415999999999999     
         791 ,  0.480000000000000     
         801 ,  0.440000000000000     
         811 ,  0.456000000000000     
         821 ,  0.484000000000000     
         831 ,  0.491999999999999     
         841 ,  0.504000000000001     
         851 ,  0.532000000000000     
         861 ,  0.544000000000000     
         871 ,  0.568000000000000     
         881 ,  0.600000000000000     
         891 ,  0.604000000000001     
         901 ,  0.635999999999999     
         911 ,  0.648000000000000     
         921 ,  0.676000000000000     
         931 ,  0.692000000000000     
         941 ,  0.751999999999999     
         951 ,  0.756000000000000     
         961 ,  0.768000000000001     
         971 ,  0.783999999999999     
         981 ,  0.815999999999999     
         991 ,  0.836000000000002     
        1001 ,  0.864000000000001     
