           1 ,  0.000000000000000E+000
          11 ,  0.000000000000000E+000
          21 ,  0.000000000000000E+000
          31 ,  0.000000000000000E+000
          41 ,  0.000000000000000E+000
          51 ,  0.000000000000000E+000
          61 ,  0.000000000000000E+000
          71 ,  0.000000000000000E+000
          81 ,  0.000000000000000E+000
          91 ,  0.000000000000000E+000
         101 ,  0.000000000000000E+000
         111 ,  4.000000000000000E-003
         121 ,  0.000000000000000E+000
         131 ,  4.000000000000000E-003
         141 ,  0.000000000000000E+000
         151 ,  4.000000000000000E-003
         161 ,  0.000000000000000E+000
         171 ,  4.000000000000000E-003
         181 ,  4.000000000000000E-003
         191 ,  8.000000000000000E-003
         201 ,  7.999999999999997E-003
         211 ,  8.000000000000000E-003
         221 ,  8.000000000000000E-003
         231 ,  1.200000000000000E-002
         241 ,  7.999999999999993E-003
         251 ,  1.200000000000001E-002
         261 ,  1.200000000000001E-002
         271 ,  1.600000000000000E-002
         281 ,  1.600000000000000E-002
         291 ,  1.599999999999999E-002
         301 ,  2.399999999999999E-002
         311 ,  2.400000000000002E-002
         321 ,  2.800000000000000E-002
         331 ,  2.800000000000000E-002
         341 ,  3.199999999999997E-002
         351 ,  3.600000000000003E-002
         361 ,  3.599999999999998E-002
         371 ,  4.000000000000004E-002
         381 ,  4.399999999999998E-002
         391 ,  4.799999999999999E-002
         401 ,  5.200000000000005E-002
         411 ,  5.199999999999994E-002
         421 ,  6.000000000000005E-002
         431 ,  6.399999999999995E-002
         441 ,  6.800000000000006E-002
         451 ,  0.108000000000000     
         461 ,  8.399999999999996E-002
         471 ,  8.800000000000008E-002
         481 ,  8.799999999999986E-002
         491 ,  0.100000000000000     
         501 ,  0.108000000000000     
         511 ,  0.108000000000000     
         521 ,  0.312000000000000     
         531 ,  0.536000000000000     
         541 ,  0.728000000000000     
         551 ,  0.924000000000000     
         561 ,  0.968000000000000     
         571 ,   1.05600000000000     
         581 ,   1.12000000000000     
         591 ,   1.43200000000000     
         601 ,   1.89600000000000     
         611 ,   1.70000000000000     
         621 ,   1.84000000000000     
         631 ,   2.20400000000000     
         641 ,   2.31600000000000     
         651 ,   1.98400000000000     
         661 ,   2.81600000000000     
         671 ,   2.56000000000000     
         681 ,   3.30000000000000     
         691 ,   3.36400000000000     
         701 ,   2.56800000000000     
         711 ,   3.61200000000000     
         721 ,   3.99600000000000     
         731 ,   4.23200000000000     
         741 ,   4.42000000000000     
         751 ,   4.53200000000000     
         761 ,   4.82000000000000     
         771 ,   5.04800000000000     
         781 ,   5.40800000000000     
         791 ,   5.48800000000000     
         801 ,   5.90800000000000     
         811 ,   6.02000000000000     
         821 ,   6.47199999999999     
         831 ,   6.30400000000000     
         841 ,   6.52800000000001     
         851 ,   6.62000000000000     
         861 ,   7.14800000000000     
         871 ,   7.36000000000000     
         881 ,   7.62000000000000     
         891 ,   7.90400000000000     
         901 ,   8.23200000000000     
         911 ,   8.42800000000000     
         921 ,   8.74799999999999     
         931 ,   8.86799999999999     
         941 ,   9.30000000000001     
         951 ,   9.57999999999998     
         961 ,   9.86400000000000     
         971 ,   10.3000000000000     
         981 ,   10.6560000000000     
         991 ,   10.8720000000000     
        1001 ,   11.2560000000000     
