           1 ,  0.000000000000000E+000
          11 ,  0.000000000000000E+000
          21 ,  0.000000000000000E+000
          31 ,  0.000000000000000E+000
          41 ,  0.000000000000000E+000
          51 ,  0.000000000000000E+000
          61 ,  0.000000000000000E+000
          71 ,  0.000000000000000E+000
          81 ,  0.000000000000000E+000
          91 ,  0.000000000000000E+000
         101 ,  0.000000000000000E+000
         111 ,  4.000000000000000E-003
         121 ,  0.000000000000000E+000
         131 ,  0.000000000000000E+000
         141 ,  0.000000000000000E+000
         151 ,  4.000000000000000E-003
         161 ,  0.000000000000000E+000
         171 ,  4.000000000000000E-003
         181 ,  4.000000000000000E-003
         191 ,  4.000000000000000E-003
         201 ,  0.000000000000000E+000
         211 ,  8.000000000000000E-003
         221 ,  4.000000000000000E-003
         231 ,  3.999999999999997E-003
         241 ,  8.000000000000000E-003
         251 ,  8.000000000000000E-003
         261 ,  8.000000000000000E-003
         271 ,  1.200000000000000E-002
         281 ,  8.000000000000007E-003
         291 ,  1.200000000000000E-002
         301 ,  1.200000000000000E-002
         311 ,  1.600000000000000E-002
         321 ,  1.600000000000001E-002
         331 ,  1.599999999999999E-002
         341 ,  1.999999999999999E-002
         351 ,  2.000000000000002E-002
         361 ,  1.999999999999999E-002
         371 ,  2.399999999999999E-002
         381 ,  3.200000000000003E-002
         391 ,  2.799999999999997E-002
         401 ,  2.800000000000002E-002
         411 ,  3.599999999999998E-002
         421 ,  3.600000000000003E-002
         431 ,  3.599999999999998E-002
         441 ,  3.599999999999998E-002
         451 ,  4.400000000000004E-002
         461 ,  5.199999999999994E-002
         471 ,  4.800000000000004E-002
         481 ,  5.200000000000005E-002
         491 ,  5.599999999999994E-002
         501 ,  9.199999999999997E-002
         511 ,  6.800000000000006E-002
         521 ,  7.599999999999996E-002
         531 ,  7.200000000000006E-002
         541 ,  6.800000000000006E-002
         551 ,  7.599999999999985E-002
         561 ,  8.000000000000007E-002
         571 ,  8.000000000000007E-002
         581 ,  9.599999999999986E-002
         591 ,  9.200000000000008E-002
         601 ,  0.116000000000000     
         611 ,  0.104000000000000     
         621 ,  0.108000000000000     
         631 ,  0.116000000000000     
         641 ,  0.116000000000000     
         651 ,  0.128000000000000     
         661 ,  0.132000000000000     
         671 ,  0.136000000000000     
         681 ,  0.140000000000000     
         691 ,  0.156000000000000     
         701 ,  0.156000000000000     
         711 ,  0.164000000000000     
         721 ,  0.176000000000000     
         731 ,  0.256000000000000     
         741 ,  0.200000000000000     
         751 ,  0.212000000000000     
         761 ,  0.204000000000000     
         771 ,  0.208000000000000     
         781 ,  0.215999999999999     
         791 ,  0.232000000000000     
         801 ,  0.240000000000000     
         811 ,  0.232000000000000     
         821 ,  0.256000000000000     
         831 ,  0.271999999999999     
         841 ,  0.276000000000001     
         851 ,  0.263999999999999     
         861 ,  0.284000000000000     
         871 ,  0.288000000000000     
         881 ,  0.319999999999999     
         891 ,  0.312000000000000     
         901 ,  0.324000000000000     
         911 ,  0.359999999999999     
         921 ,  0.364000000000001     
         931 ,  0.359999999999999     
         941 ,  0.392000000000001     
         951 ,  0.384000000000000     
         961 ,  0.383999999999999     
         971 ,  0.423999999999999     
         981 ,  0.436000000000000     
         991 ,  0.484000000000000     
        1001 ,  0.428000000000001     
